Analiz Edilen Kanunlar (Kanun No)																			
66
132
167
193
195
197
205
209
210
211
213
222
224
237
245
257
278
298
351
406
439
442
477
488
492
506
633
634
657
775
831
854
926
969
984
991
1117
1135
1136
1163
1164
1173
1211
1219
1262
1309
1318
1319
1325
1380
1416
1475
1479
1512
1567
1581
1593
1618
1632
1684
1700
1739
1774
1861
2004
2022
2219
2238
2247
2313
2330
2464
2489
2521
2547
2548
2559
2560
2565
2575
2576
2577
2581
2629
2634
2644
2659
2684
2690
2692
2699
2709
2797
2802
2803
2804
2809
2813
2820
2827
2828
2839
2840
2847
2860
2863
2872
2873
2886
2911
2914
2918
2920
2925
2933
2935
2937
2941
2942
2946
2954
2960
2972
2981
2983
2985
3039
3046
3065
3082
3083
3091
3093
3096
3100
3146
3152
3153
3160
3194
3201
3201
3202
3212
3213
3218
3224
3225
3234
3238
3254
3259
3269
3289
3294
3303
3308
3332
3346
3359
3376
3392
3402
3466
3516
3520
3568
3573
3577
3620
3621
3628
3634
3644
3653
3671
3713
3780
3787
3796
3838
3843
3867
3894
3986
3996
4046
4054
4059
4081
4083
4109
4122
4123
4207
4250
4274
4283
4306
4325
4342
4359
4369
4373
4397
4447
4458
4473
4481
4483
4490
4536
4541
4562
4566
4572
4586
4603
4628
4629
4632
4634
4646
4652
4675
4678
4681
4686
4688
4691
4706
4708
4721
4722
4731
4733
4734
4735
4736
4737
4743
4749
4752
4760
4769
4785
4811
4842
4853
4854
4857
4904
4911
4915
4922
4924
4925
4959
4969
4982
5000
5015
5018
5042
5070
5084
5147
5174
5187
5188
5193
5199
5200
5202
5216
5217
5224
5225
5228
5233
5234
5235
5237
5253
5255
5258
5262
5271
5275
5283
5286
5289
5300
5302
5307
5312
5320
5326
5335
5346
5352
5355
5362
5363
5366
5368
5369
5378
5393
5395
5402
5403
5411
5429
5434
5436
5441
5442
5450
5454
5458
5464
5488
5490
5502
5510
5520
5523
5531
5543
5544
5553
5564
5569
5580
5602
5607
5615
5620
5624
5627
5637
5651
5653
5659
5661
5664
5667
5668
5682
5684
5686
5706
5710
5717
5718
5726
5736
5737
5738
5746
5774
5779
5809
5811
5838
5846
5894
5901
5910
5917
5953
5957
5977
5996
6001
6004
6009
6015
6023
6083
6085
6087
6098
6100
6102
6103
6107
6111
6112
6114
6132
6136
6172
6183
6191
6197
6200
6216
6219
6222
6235
6245
6253
6271
6284
6292
6305
6306
6320
6325
6326
6328
6331
6343
6352
6353
6356
6358
6360
6361
6362
6413
6415
6428
6446
6458
6461
6475
6491
6493
6495
6502
6546
6550
6552
6563
6569
6570
6585
6643
6698
6701
6706
6713
6721
6735
6736
6741
6745
6749
6750
6754
6755
6756
6758
6769
6802
6824
6831
6940
6964
7020
7036
7061
7062
7068
7075
7078
7082
7084
7091
7098
7103
7126
7143
7147
7150
7155
7174
7179
7183
7194
7201
7223
7226
7244
7245
7256
7261
7262
7269
7315
7326
7330
7338
7381
7394
7402
7405